50.62
56.9
57.83
58.51
60.99
60.7
63.53
64.42
66.3
68.56
69.28
68.65
70.85
67.38
71.50999999999999
70.3
70.21000000000001
70.32
71.02000000000001
71.67
72.71
74.89
71.62
71.84
72.31
74.17
75.5
75.33
72.37
74.79
71.95
75.52
76.92
75.95
76.61
75.65
75.18
76.42
73.85
76.79
76.9
77.68
76.89
77.6
76.56
76.65
75.84
77.85
76.98
78.95
79.41
79.95
79.48
79.45
79.97
79.76
79.77
79.66
79.74
79.96
79.92
79.85
79.86
79.72
79.72
79.68
79.97
79.94
80.31
80.16
79.71
80.02
79.8
79.98
79.61
79.59
79.96
79.86
79.98
79.68
79.75
80.05
79.93
80.0
79.77
80.04
79.79
79.64
80.02
79.81
